difnet dif 50
(0.7247954883443417, array([0.92864492, 0.85283858, 0.41220151, 0.83506551, 0.6618034 ,
       0.74881749, 0.88205646, 0.83780662, 0.8854838 , 0.3448986 ,
       0.79540377, 0.48534998, 0.8366311 , 0.7967787 , 0.76889301,
       0.84302718, 0.5276431 , 0.84810934, 0.44984375, 0.80617195,
       0.67323646]), 0.9378121382806591)

difnet nodif 50
(0.6998822755907372, array([0.92680274, 0.7983485 , 0.38500961, 0.82653623, 0.59324021,
       0.68965561, 0.85403771, 0.82152866, 0.87734388, 0.3350441 ,
       0.77052834, 0.50816556, 0.81611738, 0.80130774, 0.78645118,
       0.82028072, 0.47364288, 0.76631151, 0.38453099, 0.79666989,
       0.66597435]), 0.9327047959948296)


difnet nodif 101
(0.7100494485046875, array([0.92771453, 0.86789886, 0.39795363, 0.83972023, 0.59061706,
       0.74843421, 0.8657098 , 0.82932557, 0.85374659, 0.35249547,
       0.7871943 , 0.46925904, 0.79801266, 0.80825189, 0.77460468,
       0.82332146, 0.47731488, 0.79710988, 0.42755362, 0.79125109,
       0.68354897]), 0.9338991598066857)


difnet dif 101
(0.7344031143981391, array([0.92923749, 0.86158012, 0.40475355, 0.86164258, 0.59923996,
       0.7767286 , 0.87803244, 0.85519614, 0.8906106 , 0.29678645,
       0.84033156, 0.51134578, 0.83240099, 0.8290638 , 0.78965216,
       0.82924818, 0.61823522, 0.82624888, 0.47790057, 0.81613829,
       0.69809202]), 0.9387860901003764)






